SIZES
  narena                14680064
  nbuffer               209792
  nplugin               0
  maxuse_stack          12696
  maxuse_arena          82368
  maxuse_con            20
  maxuse_efc            102
  solver_nisland        1
  ne                    0
  nf                    18
  nl                    10
  nefc                  48
  nnzJ                  864
  ncon                  5
  nisland               0
  threadpool            0

TIMER
    0:  duration =  0.11       number = 1
    1:  duration =  0.11       number = 1
    2:  duration =  0          number = 0
    3:  duration =  0.07       number = 1
    4:  duration =  0.0059     number = 1
    5:  duration =  0.0013     number = 1
    6:  duration =  0.026      number = 1
    7:  duration =  0.0033     number = 1
    8:  duration =  0.0094     number = 1
    9:  duration =  0.004      number = 1
    10:  duration =  0.043      number = 1
    11:  duration =  0.013      number = 1
    12:  duration =  0.00013    number = 1
    13:  duration =  0.017      number = 1
    14:  duration =  0.014      number = 1

SOLVER STAT
  solver_nisland = 1
  solver_fwdinv =   0         0       
  ISLAND 0
    solver_niter = 1
    solver_nnz = 324
      0:  improvement =  5.7e-08     gradient =  6.5e-16     lineslope =  7.9e-21 
          nactive = 48   nchange = 0   neval = 2   nupdate = 0

ENERGY =   0         0       

TIME =  2.2     

QPOS
   0.12    
  -0.09    
   0.079   
   0.99    
  -0.014   
   0.0065  
  -0.11    
   0.82    
   4.2     
  -2.7     
   0.81    
   1       
  -2.7     
  -0.82    
   1.5     
  -0.91    
  -0.82    
   4.2     
  -2.7     

QVEL
  -3.3e-05 
  -8.6e-05 
  -1e-05   
   0.0013  
  -0.00048 
   0.00018 
   1.7e-05 
  -3.1e-07 
   5.5e-07 
  -3.9e-05 
   5.3e-05 
   0.00043 
   0.00013 
   0.0028  
   3.8e-05 
  -8e-05   
   4.5e-06 
  -3.1e-05 

QACC_WARMSTART
   8e-05   
   0.00018 
   1.7e-05 
  -0.0025  
   0.00091 
  -0.00029 
  -2.3e-05 
   1.5e-07 
  -4.6e-06 
  -0.00024 
   0.00063 
   0.0041  
   0.00067 
  -0.0051  
  -0.0005  
   0.00037 
  -5.2e-05 
  -0.00034 

CTRL
   8.3     
  -77      
   47      
  -29      
   4.7     
   54      
   35      
   0.39    
  -20      
  -6.8     
  -78      
   3.9     

QFRC_APPLIED
   0       
   0       
   0       
   0       
   0       
   0       
   0       
   0       
   0       
   0       
   0       
   0       
   0       
   0       
   0       
   0       
   0       
   0       

XFRC_APPLIED
   0         0         0         0         0         0       
   0         0         0         0         0         0       
   0         0         0         0         0         0       
   0         0         0         0         0         0       
   0         0         0         0         0         0       
   0         0         0         0         0         0       
   0         0         0         0         0         0       
   0         0         0         0         0         0       
   0         0         0         0         0         0       
   0         0         0         0         0         0       
   0         0         0         0         0         0       
   0         0         0         0         0         0       
   0         0         0         0         0         0       
   0         0         0         0         0         0       
   0         0         0         0         0         0       
   0         0         0         0         0         0       
   0         0         0         0         0         0       
   0         0         0         0         0         0       
   0         0         0         0         0         0       
   0         0         0         0         0         0       
   0         0         0         0         0         0       
   0         0         0         0         0         0       
   0         0         0         0         0         0       
   0         0         0         0         0         0       

QACC
   8e-05   
   0.00018 
   1.7e-05 
  -0.0025  
   0.00091 
  -0.00029 
  -2.3e-05 
   1.5e-07 
  -4.6e-06 
  -0.00024 
   0.00063 
   0.0041  
   0.00067 
  -0.0051  
  -0.0005  
   0.00037 
  -5.2e-05 
  -0.00034 

XPOS
   0         0         0       
   0.12     -0.09      0.079   
   0.12     -0.09      0.079   
   0.087    -0.15      0.075   
   0.29     -0.18      0.078   
   0.28     -0.23      0.021   
   0.28     -0.23      0.021   
   0.44     -0.34      0.092   
   0.24     -0.28      0.078   
   0.31     -0.086     0.075   
   0.32     -0.031     0.13    
   0.32     -0.031     0.13    
   0.17      0.088     0.051   
   0.37      0.019     0.072   
  -0.076    -0.094     0.082   
  -0.088    -0.15      0.14    
  -0.088    -0.15      0.14    
  -0.3      -0.11      0.13    
  -0.44     -0.21      0.02    
  -0.056    -0.0027    0.079   
  -0.045     0.049     0.019   
  -0.045     0.049     0.019   
   0.16      0.083     0.085   
  -0.055     0.12      0.077   

XQUAT
   1         0         0         0       
   0.99     -0.014     0.0065   -0.11    
   0.99     -0.014     0.0065   -0.11    
   0.99     -0.014     0.0065   -0.11    
   0.92      0.38     -0.039    -0.1     
   0.92      0.38     -0.039    -0.1     
  -0.43     -0.11      0.81      0.38    
   0.71      0.36      0.58      0.18    
   0.71      0.36      0.58      0.18    
   0.92      0.38     -0.038    -0.1     
   0.92      0.38     -0.038    -0.1     
   0.83      0.38      0.41      0.088   
   0.57      0.17     -0.72     -0.35    
   0.57      0.17     -0.72     -0.35    
   0.91     -0.41      0.05     -0.1     
   0.91     -0.41      0.05     -0.1     
   0.63     -0.23      0.66     -0.35    
   0.85     -0.36      0.31     -0.22    
   0.85     -0.36      0.31     -0.22    
   0.91     -0.41      0.05     -0.1     
   0.91     -0.41      0.05     -0.1     
  -0.5       0.29      0.75     -0.3     
   0.63     -0.23      0.65     -0.35    
   0.63     -0.23      0.65     -0.35    

XMAT
   1         0         0         0         1         0         0         0         1       
   0.98      0.22      0.016    -0.22      0.97      0.027    -0.0097   -0.03      1       
   0.98      0.22      0.016    -0.22      0.97      0.027    -0.0097   -0.03      1       
   0.98      0.22      0.016    -0.22      0.97      0.027    -0.0097   -0.03      1       
   0.98      0.16     -0.15     -0.22      0.68     -0.7      -0.0097    0.71      0.7     
   0.98      0.16     -0.15     -0.22      0.68     -0.7      -0.0097    0.71      0.7     
  -0.6       0.16     -0.78     -0.5       0.68      0.53      0.62      0.71     -0.33    
   0.25      0.16      0.95      0.67      0.68     -0.29     -0.7       0.71      0.065   
   0.25      0.16      0.95      0.67      0.68     -0.29     -0.7       0.71      0.065   
   0.98      0.16     -0.15     -0.22      0.69     -0.68     -0.0097    0.7       0.71    
   0.98      0.16     -0.15     -0.22      0.69     -0.68     -0.0097    0.7       0.71    
   0.65      0.16      0.74      0.46      0.69     -0.56     -0.61      0.7       0.38    
  -0.3       0.16     -0.94     -0.64      0.69      0.32      0.71      0.7      -0.1     
  -0.3       0.16     -0.94     -0.64      0.69      0.32      0.71      0.7      -0.1     
   0.98      0.14      0.17     -0.22      0.65      0.73     -0.0097   -0.75      0.66    
   0.98      0.14      0.17     -0.22      0.65      0.73     -0.0097   -0.75      0.66    
  -0.11      0.14      0.98     -0.74      0.65     -0.17     -0.66     -0.75      0.033   
   0.71      0.14      0.69     -0.59      0.65      0.48     -0.38     -0.75      0.54    
   0.71      0.14      0.69     -0.59      0.65      0.48     -0.38     -0.75      0.54    
   0.98      0.14      0.17     -0.22      0.64      0.73     -0.0097   -0.75      0.66    
   0.98      0.14      0.17     -0.22      0.64      0.73     -0.0097   -0.75      0.66    
  -0.32      0.14     -0.94      0.75      0.64     -0.16      0.58     -0.75     -0.31    
  -0.11      0.14      0.98     -0.75      0.64     -0.17     -0.66     -0.75      0.036   
  -0.11      0.14      0.98     -0.75      0.64     -0.17     -0.66     -0.75      0.036   

XIPOS
   0         0         0       
   0.12     -0.09      0.079   
   0.13     -0.088     0.078   
   0.087    -0.15      0.075   
   0.29     -0.18      0.079   
   0.26     -0.29     -0.036   
   0.31     -0.23      0.043   
   0.33     -0.3       0.08    
   0.24     -0.28      0.078   
   0.31     -0.085     0.075   
   0.34      0.025     0.19    
   0.29     -0.027     0.11    
   0.28      0.045     0.069   
   0.37      0.019     0.072   
  -0.071    -0.095     0.081   
  -0.099    -0.2       0.2     
  -0.12     -0.12      0.13    
  -0.38     -0.17      0.066   
  -0.44     -0.21      0.02    
  -0.051    -0.0044    0.08    
  -0.034     0.1      -0.041   
  -0.015     0.039     0.041   
   0.034     0.1       0.075   
  -0.055     0.12      0.077   

XIMAT
   1         0         0         0         1         0         0         0         1       
   0.98      0.22      0.016    -0.22      0.97      0.027    -0.0097   -0.03      1       
   0.017    -0.25      0.97      0.03     -0.97     -0.25      1         0.033    -0.009   
   0.98      0.22      0.016    -0.22      0.97      0.027    -0.0097   -0.03      1       
   0.19     -0.15      0.97      0.68     -0.7      -0.24      0.71      0.7      -0.031   
   0.98      0.16     -0.15     -0.22      0.68     -0.7      -0.0097    0.71      0.7     
  -0.66      0.16     -0.73     -0.46      0.68      0.57      0.59      0.71     -0.38    
   0.19     -0.19      0.96      0.79     -0.55     -0.26      0.58      0.81      0.045   
   0.25      0.16      0.95      0.67      0.68     -0.29     -0.7       0.71      0.065   
   0.14     -0.15      0.98      0.7      -0.69     -0.2       0.7       0.71      0.0077  
   0.98      0.16     -0.15     -0.22      0.69     -0.68     -0.0097    0.7       0.71    
   0.71      0.16      0.69      0.41      0.7      -0.59     -0.58      0.7       0.42    
   0.13      0.29     -0.95      0.57      0.76      0.31      0.81     -0.58     -0.069   
  -0.3       0.16     -0.94     -0.64      0.69      0.32      0.71      0.7      -0.1     
   0.11      0.17      0.98      0.65      0.73     -0.2      -0.75      0.66     -0.029   
   0.98      0.14      0.17     -0.22      0.65      0.73     -0.0097   -0.75      0.66    
  -0.034     0.14      0.99     -0.75      0.65     -0.12     -0.66     -0.75      0.084   
   0.25     -0.65      0.72      0.53      0.71      0.46     -0.81      0.26      0.52    
   0.71      0.14      0.69     -0.59      0.65      0.48     -0.38     -0.75      0.54    
   0.17      0.17      0.97      0.64      0.73     -0.24     -0.75      0.66      0.012   
   0.98      0.14      0.17     -0.22      0.64      0.73     -0.0097   -0.75      0.66    
  -0.39      0.14     -0.91      0.73      0.65     -0.22      0.56     -0.75     -0.35    
   0.11      0.16      0.98      0.51      0.84     -0.19     -0.85      0.52      0.0051  
  -0.11      0.14      0.98     -0.75      0.64     -0.17     -0.66     -0.75      0.036   

XANCHOR
   0.12     -0.09      0.079   
   0.29     -0.18      0.078   
   0.28     -0.23      0.021   
   0.44     -0.34      0.092   
   0.31     -0.086     0.075   
   0.32     -0.031     0.13    
   0.17      0.088     0.051   
  -0.076    -0.094     0.082   
  -0.088    -0.15      0.14    
  -0.3      -0.11      0.13    
  -0.056    -0.0027    0.079   
  -0.045     0.049     0.019   
   0.16      0.083     0.085   

XAXIS
   0         0         1       
   0.98     -0.22     -0.0097  
   0.16      0.68      0.71    
   0.16      0.68      0.71    
   0.98     -0.22     -0.0097  
   0.16      0.69      0.7     
   0.16      0.69      0.7     
   0.98     -0.22     -0.0097  
   0.14      0.65     -0.75    
   0.14      0.65     -0.75    
   0.98     -0.22     -0.0097  
   0.14      0.64     -0.75    
   0.14      0.64     -0.75    

GEOM_XPOS
   0         0         0       
   0.12     -0.09      0.079   
   0.18     -0.1       0.079   
   0.12     -0.09      0.079   
   0.087    -0.15      0.075   
   0.28     -0.17      0.08    
   0.28     -0.21      0.046   
   0.32     -0.24      0.05    
   0.36     -0.29      0.056   
   0.33     -0.3       0.079   
   0.34     -0.31      0.085   
   0.24     -0.28      0.078   
   0.24     -0.28      0.078   
   0.3      -0.084     0.074   
   0.32     -0.055     0.11    
   0.29     -0.026     0.1     
   0.25      0.029     0.091   
   0.28      0.043     0.068   
   0.27      0.053     0.062   
   0.37      0.019     0.072   
   0.37      0.019     0.072   
  -0.063    -0.096     0.08    
  -0.083    -0.12      0.12    
  -0.13     -0.12      0.13    
  -0.19     -0.13      0.14    
  -0.38     -0.17      0.065   
  -0.37     -0.16      0.077   
  -0.44     -0.21      0.02    
  -0.44     -0.21      0.02    
  -0.043    -0.0068    0.08    
  -0.049     0.026     0.045   
  -0.0083    0.037     0.047   
   0.055     0.066     0.052   
   0.032     0.099     0.076   
   0.05      0.1       0.081   
  -0.055     0.12      0.077   
  -0.055     0.12      0.077   

GEOM_XMAT
   1         0         0         0         1         0         0         0         1       
   0.98      0.22      0.016    -0.22      0.97      0.027    -0.0097   -0.03      1       
   0.0019   -0.22      0.98      0.031    -0.97     -0.22      1         0.03      0.0049  
   0.98      0.22      0.016    -0.22      0.97      0.027    -0.0097   -0.03      1       
   0.98      0.22      0.016    -0.22      0.97      0.027    -0.0097   -0.03      1       
  -0.17     -0.97      0.15     -0.68      0.23      0.69     -0.71      0.014    -0.7     
   0.98     -0.15     -0.16     -0.22     -0.7      -0.68     -0.0097    0.7      -0.71    
   0.48      0.42     -0.77      0.72      0.31      0.62      0.5      -0.85     -0.15    
   0.78      0.16     -0.6      -0.53      0.68     -0.5       0.33      0.71      0.62    
   0.16     -0.27      0.95      0.68     -0.66     -0.3       0.71      0.7       0.074   
  -0.95      0.16      0.25      0.29      0.68      0.67     -0.065     0.71     -0.7     
   0.25      0.16      0.95      0.67      0.68     -0.29     -0.7       0.71      0.065   
   0.25      0.16      0.95      0.67      0.68     -0.29     -0.7       0.71      0.065   
   0.15     -0.98     -0.14      0.7       0.21     -0.69      0.7       0.0052    0.71    
   0.98     -0.15     -0.16     -0.22     -0.68     -0.69     -0.0097    0.71     -0.7     
   0.47     -0.5       0.73      0.71     -0.29     -0.65      0.53      0.82      0.22    
  -0.74      0.16      0.65      0.56      0.69      0.46     -0.38      0.7      -0.61    
   0.16      0.31     -0.94      0.69      0.64      0.33      0.7      -0.71     -0.11    
   0.94      0.16     -0.3      -0.32      0.69     -0.64      0.1       0.7       0.71    
  -0.3       0.16     -0.94     -0.64      0.69      0.32      0.71      0.7      -0.1     
  -0.3       0.16     -0.94     -0.64      0.69      0.32      0.71      0.7      -0.1     
  -0.13      0.98      0.17     -0.65     -0.21      0.73      0.75     -0.015     0.66    
   0.98      0.17     -0.14     -0.22      0.73     -0.65     -0.0097    0.66      0.75    
   0.011     0.17      0.98      0.88      0.47     -0.092    -0.48      0.87     -0.15    
  -0.98      0.14     -0.11      0.17      0.65     -0.74     -0.033    -0.75     -0.66    
   0.14     -0.72      0.68      0.65      0.59      0.49     -0.75      0.37      0.55    
  -0.69      0.14      0.71     -0.48      0.65     -0.59     -0.54     -0.75     -0.38    
   0.71      0.14      0.69     -0.59      0.65      0.48     -0.38     -0.75      0.54    
   0.71      0.14      0.69     -0.59      0.65      0.48     -0.38     -0.75      0.54    
   0.15      0.97     -0.18      0.64     -0.23     -0.73     -0.75     -0.0045   -0.66    
   0.98      0.17     -0.14     -0.22      0.73     -0.64     -0.0097    0.66      0.75    
  -0.11      0.25     -0.96      0.81     -0.54     -0.23     -0.57     -0.81     -0.14    
   0.94      0.14     -0.32      0.16      0.64      0.75      0.31     -0.75      0.58    
   0.14      0.093     0.99      0.64      0.75     -0.16     -0.75      0.66      0.044   
  -0.98      0.14     -0.11      0.17      0.64     -0.75     -0.036    -0.75     -0.66    
  -0.11      0.14      0.98     -0.75      0.64     -0.17     -0.66     -0.75      0.036   
  -0.11      0.14      0.98     -0.75      0.64     -0.17     -0.66     -0.75      0.036   

LIGHT_XPOS
   1         0         3.5     

LIGHT_XDIR
   0         0        -1       

SUBTREE_COM
   0.12     -0.088     0.078   
   0.12     -0.088     0.078   
   0.12     -0.088     0.078   
   0.087    -0.15      0.075   
   0.3      -0.22      0.059   
   0.26     -0.29     -0.036   
   0.31     -0.25      0.05    
   0.3      -0.3       0.079   
   0.24     -0.28      0.078   
   0.3      -0.037     0.092   
   0.34      0.025     0.19    
   0.3      -0.014     0.1     
   0.3       0.038     0.07    
   0.37      0.019     0.072   
  -0.14     -0.12      0.1     
  -0.099    -0.2       0.2     
  -0.17     -0.14      0.11    
  -0.4      -0.18      0.053   
  -0.44     -0.21      0.02    
  -0.023     0.034     0.058   
  -0.034     0.1      -0.041   
  -0.011     0.052     0.048   
   0.0097    0.11      0.076   
  -0.055     0.12      0.077   

CDOF
   0         0         0         1         0         0       
   0         0         0         0         1         0       
   0         0         0         0         0         1       
   0.98     -0.22     -0.0097    6.8e-05   0.0002    0.0023  
   0.22      0.97     -0.03     -0.00014   2.9e-05  -6.9e-05 
   0.016     0.027     1        -0.0022    0.00057   2e-05   
   0.98     -0.22     -0.0097    0.00082   0.0015    0.049   
   0.16      0.68      0.71     -0.064    -0.12      0.13    
   0.16      0.68      0.71     -0.19     -0.23      0.26    
   0.98     -0.22     -0.0097   -0.00069  -0.0011   -0.044   
   0.16      0.69      0.7       0.0033   -0.14      0.13    
   0.16      0.69      0.7       0.14     -0.039     0.0048  
   0.98     -0.22     -0.0097    0.00082   0.0015    0.049   
   0.14      0.65     -0.75      0.0024   -0.15     -0.12    
   0.14      0.65     -0.75     -0.021    -0.3      -0.26    
   0.98     -0.22     -0.0097   -0.00069  -0.0011   -0.044   
   0.14      0.64     -0.75     -0.064    -0.13     -0.12    
   0.14      0.64     -0.75     -0.13      0.029     0.00025 

CINERT
   0         0         0         0         0         0         0         0         0         0       
   0         0         0         0         0         0        -0        -0         0         0       
   0.017     0.036     0.045     0.005     0.00031   0.0002    0.056    -0.0021    0.00034   4.8     
   0.0001    0.0001    0.00011  -2e-06    -1.2e-07  -2.4e-07  -3.1e-05  -6.4e-05  -3.8e-06   0.001   
   0.0042    0.015     0.019     0.0075   -4.1e-06   0.00011   0.085    -0.045     0.0002    0.51    
   0         0         0         0         0         0         0        -0        -0         0       
   0.023     0.038     0.057     0.027     0.0047   -0.0038    0.17     -0.13     -0.031     0.9     
   0.0076    0.01      0.018     0.0081   -0.00021   0.00011   0.033    -0.034     0.00026   0.16    
   0.0023    0.00092   0.0032    0.0014    6.2e-06  -9.7e-06   0.0074   -0.012    -5e-05     0.06    
   0.00032   0.018     0.018    -0.00019   0.00035   0.0001    0.096     0.0012   -0.0018    0.51    
   0         0         0         0         0         0         0         0         0         0       
   0.0074    0.033     0.036    -0.0079   -0.006    -0.00064   0.16      0.055     0.027     0.9     
   0.0032    0.0074    0.011    -0.0024    1.5e-05   0.00029   0.026     0.021    -0.0015    0.16    
   0.00069   0.0037    0.0044   -0.0016    8.8e-05   3.8e-05   0.015     0.0064   -0.00035   0.06    
   0.00034   0.019     0.019    -0.00063   0.00026  -8.6e-05  -0.096    -0.0035    0.0014    0.51    
   0         0         0         0         0         0        -0        -0         0         0       
   0.0046    0.057     0.056    -0.0074    0.01      0.0019   -0.21     -0.033     0.045     0.9     
   0.0029    0.042     0.042    -0.0076   -0.0023   -0.001    -0.078    -0.013    -0.002     0.16    
   0.0011    0.019     0.02     -0.0041   -0.002    -0.00043  -0.034    -0.0074   -0.0035    0.06    
   0.0039    0.015     0.019     0.0072    7.1e-05  -0.00014  -0.086     0.043     0.00057   0.51    
   0         0         0         0         0         0        -0         0        -0         0       
   0.017     0.022     0.035     0.014    -0.0059    0.004    -0.12      0.11     -0.033     0.9     
   0.0057    0.0046    0.01      0.0032   -6.1e-05   8.9e-05  -0.013     0.03     -0.00049   0.16    
   0.0026    0.0018    0.0044    0.0021   -1.3e-05   1.5e-05  -0.01      0.012    -7.3e-05   0.06    

ACTUATOR_LENGTH
   0.81    
  -0.82    
   0.82    
  -0.82    
   1       
   4.2     
   4.2     
   1.5     
  -2.7     
  -2.7     
  -2.7     
  -0.91    

ACTUATOR_MOMENT
   0         0         0         0         0         0         0         0         0         1         0         0         0         0         0         0         0         0       
   0         0         0         0         0         0         0         0         0         0         0         0         0         0         0         1         0         0       
   0         0         0         0         0         0         1         0         0         0         0         0         0         0         0         0         0         0       
   0         0         0         0         0         0         0         0         0         0         0         0         1         0         0         0         0         0       
   0         0         0         0         0         0         0         0         0         0         1         0         0         0         0         0         0         0       
   0         0         0         0         0         0         0         0         0         0         0         0         0         0         0         0         1         0       
   0         0         0         0         0         0         0         1         0         0         0         0         0         0         0         0         0         0       
   0         0         0         0         0         0         0         0         0         0         0         0         0         1         0         0         0         0       
   0         0         0         0         0         0         0         0         0         0         0         1         0         0         0         0         0         0       
   0         0         0         0         0         0         0         0         0         0         0         0         0         0         0         0         0         1       
   0         0         0         0         0         0         0         0         1         0         0         0         0         0         0         0         0         0       
   0         0         0         0         0         0         0         0         0         0         0         0         0         0         1         0         0         0       

CRB
   0         0         0         0         0         0         0         0         0         0       
   0.11      0.34      0.42      0.044    -0.00031   0.00069  -3.3e-16   5.6e-17   1.7e-17   11      
   0.11      0.34      0.42      0.044    -0.00031   0.00069  -3.3e-16   5.6e-17   1.7e-17   11      
   0.0001    0.0001    0.00011  -2e-06    -1.2e-07  -2.4e-07  -3.1e-05  -6.4e-05  -3.8e-06   0.001   
   0.038     0.064     0.096     0.044     0.0045   -0.0036    0.3      -0.22     -0.031     1.6     
   0         0         0         0         0         0         0        -0        -0         0       
   0.033     0.049     0.078     0.036     0.0045   -0.0037    0.21     -0.18     -0.031     1.1     
   0.0099    0.011     0.021     0.0095   -0.0002    9.6e-05   0.041    -0.046     0.00021   0.22    
   0.0023    0.00092   0.0032    0.0014    6.2e-06  -9.7e-06   0.0074   -0.012    -5e-05     0.06    
   0.012     0.062     0.069    -0.012    -0.0056   -0.00022   0.3       0.083     0.023     1.6     
   0         0         0         0         0         0         0         0         0         0       
   0.011     0.044     0.051    -0.012    -0.0059   -0.00032   0.2       0.082     0.025     1.1     
   0.0039    0.011     0.015    -0.004     0.0001    0.00032   0.041     0.027    -0.0019    0.22    
   0.00069   0.0037    0.0044   -0.0016    8.8e-05   3.8e-05   0.015     0.0064   -0.00035   0.06    
   0.009     0.14      0.14     -0.02      0.0063    0.00031  -0.42     -0.057     0.041     1.6     
   0         0         0         0         0         0        -0        -0         0         0       
   0.0086    0.12      0.12     -0.019     0.006     0.0004   -0.32     -0.054     0.04      1.1     
   0.004     0.061     0.062    -0.012    -0.0043   -0.0015   -0.11     -0.02     -0.0056    0.22    
   0.0011    0.019     0.02     -0.0041   -0.002    -0.00043  -0.034    -0.0074   -0.0035    0.06    
   0.03      0.044     0.068     0.027    -0.0059    0.004    -0.23      0.2      -0.033     1.6     
   0         0         0         0         0         0        -0         0        -0         0       
   0.026     0.029     0.05      0.02     -0.0059    0.0041   -0.14      0.16     -0.034     1.1     
   0.0083    0.0064    0.015     0.0053   -7.3e-05   0.0001   -0.024     0.042    -0.00057   0.22    
   0.0026    0.0018    0.0044    0.0021   -1.3e-05   1.5e-05  -0.01      0.012    -7.3e-05   0.06    

QM
   11        0         0         0.00077  -0.0016   -0.025     0.0061    0.034    -0.0091   -0.0054   -0.037     0.01     -0.0084   -0.012    -0.023     0.0082    0.024     0.0024  
   0         11        0         0.0022    0.00033   0.0065    0.03      0.019    -0.021    -0.027    -0.016     0.02     -0.034     0.074     0.019     0.033    -0.033     0.024   
   0         0         11        0.026    -0.00079   0.00023  -0.071    -0.026     0.022     0.074     0.025    -0.023    -0.069     0.062     0.012     0.071    -0.024     0.021   
   0.00077   0.0022    0.026     0.11     -0.011    -0.0039    0.012     0.0035   -0.0036    0.013     0.0034   -0.0035    0.016    -0.0098   -0.0019    0.013    -0.0035    0.0036  
  -0.0016    0.00033  -0.00079  -0.011     0.36     -0.0015    0.017     0.011    -0.0022   -0.0096    0.0022    0.0061   -0.026     0.033     0.0093    0.0095    0.002     0.0059  
  -0.025     0.0065    0.00023  -0.0039   -0.0015    0.43      0.0055    0.017    -0.0031   -0.0065    0.0072    0.0054    0.0035   -0.04     -0.014    -0.0065   -0.0069   -0.0059  
   0.0061    0.03     -0.071     0.012     0.017     0.0055    0.019     0.0023   -0.0025    0         0         0         0         0         0         0         0         0       
   0.034     0.019    -0.026     0.0035    0.011     0.017     0.0023    0.022     0.0023    0         0         0         0         0         0         0         0         0       
  -0.0091   -0.021     0.022    -0.0036   -0.0022   -0.0031   -0.0025    0.0023    0.019     0         0         0         0         0         0         0         0         0       
  -0.0054   -0.027     0.074     0.013    -0.0096   -0.0065    0         0         0         0.02      0.0023   -0.0025    0         0         0         0         0         0       
  -0.037    -0.016     0.025     0.0034    0.0022    0.0072    0         0         0         0.0023    0.022     0.0024    0         0         0         0         0         0       
   0.01      0.02     -0.023    -0.0035    0.0061    0.0054    0         0         0        -0.0025    0.0024    0.019     0         0         0         0         0         0       
  -0.0084   -0.034    -0.069     0.016    -0.026     0.0035    0         0         0         0         0         0         0.023    -0.0068   -0.0014    0         0         0       
  -0.012     0.074     0.062    -0.0098    0.033    -0.04      0         0         0         0         0         0        -0.0068    0.043     0.013     0         0         0       
  -0.023     0.019     0.012    -0.0019    0.0093   -0.014     0         0         0         0         0         0        -0.0014    0.013     0.019     0         0         0       
   0.0082    0.033     0.071     0.013     0.0095   -0.0065    0         0         0         0         0         0         0         0         0         0.019    -0.0024    0.0026  
   0.024    -0.033    -0.024    -0.0035    0.002    -0.0069    0         0         0         0         0         0         0         0         0        -0.0024    0.022     0.0024  
   0.0024    0.024     0.021     0.0036    0.0059   -0.0059    0         0         0         0         0         0         0         0         0         0.0026    0.0024    0.019   

QLD
   11       -0.0063    0.01      0.017    -0.099    -0.14      0.028     1.6      -0.49      0.028    -1.7       0.56     -0.43      0.11     -1.3       0.58      1.1       0.13    
  -0.0063    11       -0.0097    0.079    -0.52      0.13      1.3       0.98     -1.1      -1.2      -0.86      1.1      -1         1.8       0.99      1.4      -1.7       1.3     
   0.01     -0.0097    10        0.43     -0.12      0.35     -3.5      -1.3       1.2       3.6       1.3      -1.2      -2.7       1.6       0.62      3.5      -1.2       1.1     
   0.017     0.079     0.43      0.07     -0.0054   -0.023     0.62      0.18     -0.19      0.64      0.17     -0.19      0.67     -0.25     -0.1       0.63     -0.18      0.19    
  -0.099    -0.52     -0.12     -0.0054    0.28      0.039     0.85      0.53     -0.12     -0.47      0.066     0.33     -0.96      0.77      0.5       0.47      0.057     0.32    
  -0.14      0.13      0.35     -0.023     0.039     0.36      0.17      0.78     -0.17     -0.34      0.3       0.29     -0.13     -0.88     -0.77     -0.35     -0.28     -0.31    
   0.028     1.3      -3.5       0.62      0.85      0.17      0.018     0.12     -0.14      0         0         0         0         0         0         0         0         0       
   1.6       0.98     -1.3       0.18      0.53      0.78      0.12      0.022     0.12      0         0         0         0         0         0         0         0         0       
  -0.49     -1.1       1.2      -0.19     -0.12     -0.17     -0.14      0.12      0.019     0         0         0         0         0         0         0         0         0       
   0.028    -1.2       3.6       0.64     -0.47     -0.34      0         0         0         0.019     0.12     -0.13      0         0         0         0         0         0       
  -1.7      -0.86      1.3       0.17      0.066     0.3       0         0         0         0.12      0.022     0.13      0         0         0         0         0         0       
   0.56      1.1      -1.2      -0.19      0.33      0.29      0         0         0        -0.13      0.13      0.019     0         0         0         0         0         0       
  -0.43     -1        -2.7       0.67     -0.96     -0.13      0         0         0         0         0         0         0.022    -0.17     -0.074     0         0         0       
   0.11      1.8       1.6      -0.25      0.77     -0.88      0         0         0         0         0         0        -0.17      0.034     0.68      0         0         0       
  -1.3       0.99      0.62     -0.1       0.5      -0.77      0         0         0         0         0         0        -0.074     0.68      0.019     0         0         0       
   0.58      1.4       3.5       0.63      0.47     -0.35      0         0         0         0         0         0         0         0         0         0.019    -0.13      0.14    
   1.1      -1.7      -1.2      -0.18      0.057    -0.28      0         0         0         0         0         0         0         0         0        -0.13      0.022     0.13    
   0.13      1.3       1.1       0.19      0.32     -0.31      0         0         0         0         0         0         0         0         0         0.14      0.13      0.019   

QLDIAGINV
   0.09    
   0.092   
   0.099   
   14      
   3.5     
   2.8     
   54      
   46      
   53      
   53      
   46      
   53      
   46      
   29      
   53      
   54      
   46      
   53      

QLDIAGSQRTINV
   0.3     
   0.3     
   0.31    
   3.8     
   1.9     
   1.7     
   7.4     
   6.8     
   7.3     
   7.3     
   6.8     
   7.3     
   6.8     
   5.4     
   7.3     
   7.3     
   6.8     
   7.3     

B_rownnz              18 18 18 6 9 7 9 9 9 9 7 9 9 9 9 7 9 9 9 9 7 9 9 9

B_rowadr              0 18 36 54 60 69 76 85 94 103 112 119 128 137 146 155 162 171 180 189 198 205 214 223

B_colind              0 1 2 3 4 5 6 7 8 9 10 11 12 13 14 15 16 17 0 1 2 3 4 5 6 7 8 9 10 11 12 13 14 15 16 17 0 1 2 3 4 5 6 7 8 9 10 11 12 13 14 15 16 17 0 1 2 3 4 5 0 1 2 3 4 5 6 7 8 0 1 2 3 4 5 6 0 1 2 3 4 5 6 7 8 0 1 2 3 4 5 6 7 8 0 1 2 3 4 5 6 7 8 0 1 2 3 4 5 9 10 11 0 1 2 3 4 5 9 0 1 2 3 4 5 9 10 11 0 1 2 3 4 5 9 10 11 0 1 2 3 4 5 9 10 11 0 1 2 3 4 5 12 13 14 0 1 2 3 4 5 12 0 1 2 3 4 5 12 13 14 0 1 2 3 4 5 12 13 14 0 1 2 3 4 5 12 13 14 0 1 2 3 4 5 15 16 17 0 1 2 3 4 5 15 0 1 2 3 4 5 15 16 17 0 1 2 3 4 5 15 16 17 0 1 2 3 4 5 15 16 17

C_rownnz              18 18 18 18 18 18 9 9 9 9 9 9 9 9 9 9 9 9

C_rowadr              0 18 36 54 72 90 108 117 126 135 144 153 162 171 180 189 198 207

C_colind              0 1 2 3 4 5 6 7 8 9 10 11 12 13 14 15 16 17 0 1 2 3 4 5 6 7 8 9 10 11 12 13 14 15 16 17 0 1 2 3 4 5 6 7 8 9 10 11 12 13 14 15 16 17 0 1 2 3 4 5 6 7 8 9 10 11 12 13 14 15 16 17 0 1 2 3 4 5 6 7 8 9 10 11 12 13 14 15 16 17 0 1 2 3 4 5 6 7 8 9 10 11 12 13 14 15 16 17 0 1 2 3 4 5 6 7 8 0 1 2 3 4 5 6 7 8 0 1 2 3 4 5 6 7 8 0 1 2 3 4 5 9 10 11 0 1 2 3 4 5 9 10 11 0 1 2 3 4 5 9 10 11 0 1 2 3 4 5 12 13 14 0 1 2 3 4 5 12 13 14 0 1 2 3 4 5 12 13 14 0 1 2 3 4 5 15 16 17 0 1 2 3 4 5 15 16 17 0 1 2 3 4 5 15 16 17

mapM2C                0 2 5 9 14 20 27 35 44 51 59 68 75 83 92 99 107 116 2 1 4 8 13 19 26 34 43 50 58 67 74 82 91 98 106 115 5 4 3 7 12 18 25 33 42 49 57 66 73 81 90 97 105 114 9 8 7 6 11 17 24 32 41 48 56 65 72 80 89 96 104 113 14 13 12 11 10 16 23 31 40 47 55 64 71 79 88 95 103 112 20 19 18 17 16 15 22 30 39 46 54 63 70 78 87 94 102 111 27 26 25 24 23 22 21 29 38 35 34 33 32 31 30 29 28 37 44 43 42 41 40 39 38 37 36 51 50 49 48 47 46 45 53 62 59 58 57 56 55 54 53 52 61 68 67 66 65 64 63 62 61 60 75 74 73 72 71 70 69 77 86 83 82 81 80 79 78 77 76 85 92 91 90 89 88 87 86 85 84 99 98 97 96 95 94 93 101 110 107 106 105 104 103 102 101 100 109 116 115 114 113 112 111 110 109 108

D_rownnz              18 18 18 18 18 18 9 9 9 9 9 9 9 9 9 9 9 9

D_rowadr              0 18 36 54 72 90 108 117 126 135 144 153 162 171 180 189 198 207

D_colind              0 1 2 3 4 5 6 7 8 9 10 11 12 13 14 15 16 17 0 1 2 3 4 5 6 7 8 9 10 11 12 13 14 15 16 17 0 1 2 3 4 5 6 7 8 9 10 11 12 13 14 15 16 17 0 1 2 3 4 5 6 7 8 9 10 11 12 13 14 15 16 17 0 1 2 3 4 5 6 7 8 9 10 11 12 13 14 15 16 17 0 1 2 3 4 5 6 7 8 9 10 11 12 13 14 15 16 17 0 1 2 3 4 5 6 7 8 0 1 2 3 4 5 6 7 8 0 1 2 3 4 5 6 7 8 0 1 2 3 4 5 9 10 11 0 1 2 3 4 5 9 10 11 0 1 2 3 4 5 9 10 11 0 1 2 3 4 5 12 13 14 0 1 2 3 4 5 12 13 14 0 1 2 3 4 5 12 13 14 0 1 2 3 4 5 15 16 17 0 1 2 3 4 5 15 16 17 0 1 2 3 4 5 15 16 17

mapM2D                0 2 5 9 14 20 27 35 44 51 59 68 75 83 92 99 107 116 2 1 4 8 13 19 26 34 43 50 58 67 74 82 91 98 106 115 5 4 3 7 12 18 25 33 42 49 57 66 73 81 90 97 105 114 9 8 7 6 11 17 24 32 41 48 56 65 72 80 89 96 104 113 14 13 12 11 10 16 23 31 40 47 55 64 71 79 88 95 103 112 20 19 18 17 16 15 22 30 39 46 54 63 70 78 87 94 102 111 27 26 25 24 23 22 21 29 38 35 34 33 32 31 30 29 28 37 44 43 42 41 40 39 38 37 36 51 50 49 48 47 46 45 53 62 59 58 57 56 55 54 53 52 61 68 67 66 65 64 63 62 61 60 75 74 73 72 71 70 69 77 86 83 82 81 80 79 78 77 76 85 92 91 90 89 88 87 86 85 84 99 98 97 96 95 94 93 101 110 107 106 105 104 103 102 101 100 109 116 115 114 113 112 111 110 109 108

mapD2M                0 19 18 38 37 36 57 56 55 54 76 75 74 73 72 95 94 93 92 91 90 114 113 112 111 110 109 108 124 123 122 121 120 119 118 117 134 133 132 131 130 129 128 127 126 141 140 139 138 137 136 135 151 150 149 148 147 146 145 144 161 160 159 158 157 156 155 154 153 168 167 166 165 164 163 162 178 177 176 175 174 173 172 171 188 187 186 185 184 183 182 181 180 195 194 193 192 191 190 189 205 204 203 202 201 200 199 198 215 214 213 212 211 210 209 208 207

QDERIV
   0         0         0         0         0         0         0         0         0         0         0         0         0         0         0         0         0         0       
   0         0         0         0         0         0         0         0         0         0         0         0         0         0         0         0         0         0       
   0         0         0         0         0         0         0         0         0         0         0         0         0         0         0         0         0         0       
   0         0         0         0         0         0         0         0         0         0         0         0         0         0         0         0         0         0       
   0         0         0         0         0         0         0         0         0         0         0         0         0         0         0         0         0         0       
   0         0         0         0         0         0         0         0         0         0         0         0         0         0         0         0         0         0       
   0         0         0         0         0         0         0         0         0         0         0         0         0         0         0         0         0         0       
   0         0         0         0         0         0         0         0         0         0         0         0         0         0         0         0         0         0       
   0         0         0         0         0         0         0         0         0         0         0         0         0         0         0         0         0         0       
   0         0         0         0         0         0         0         0         0         0         0         0         0         0         0         0         0         0       
   0         0         0         0         0         0         0         0         0         0         0         0         0         0         0         0         0         0       
   0         0         0         0         0         0         0         0         0         0         0         0         0         0         0         0         0         0       
   0         0         0         0         0         0         0         0         0         0         0         0         0         0         0         0         0         0       
   0         0         0         0         0         0         0         0         0         0         0         0         0         0         0         0         0         0       
   0         0         0         0         0         0         0         0         0         0         0         0         0         0         0         0         0         0       
   0         0         0         0         0         0         0         0         0         0         0         0         0         0         0         0         0         0       
   0         0         0         0         0         0         0         0         0         0         0         0         0         0         0         0         0         0       
   0         0         0         0         0         0         0         0         0         0         0         0         0         0         0         0         0         0       

QLU
   0         0         0         0         0         0         0         0         0         0         0         0         0         0         0         0         0         0       
   0         0         0         0         0         0         0         0         0         0         0         0         0         0         0         0         0         0       
   0         0         0         0         0         0         0         0         0         0         0         0         0         0         0         0         0         0       
   0         0         0         0         0         0         0         0         0         0         0         0         0         0         0         0         0         0       
   0         0         0         0         0         0         0         0         0         0         0         0         0         0         0         0         0         0       
   0         0         0         0         0         0         0         0         0         0         0         0         0         0         0         0         0         0       
   0         0         0         0         0         0         0         0         0         0         0         0         0         0         0         0         0         0       
   0         0         0         0         0         0         0         0         0         0         0         0         0         0         0         0         0         0       
   0         0         0         0         0         0         0         0         0         0         0         0         0         0         0         0         0         0       
   0         0         0         0         0         0         0         0         0         0         0         0         0         0         0         0         0         0       
   0         0         0         0         0         0         0         0         0         0         0         0         0         0         0         0         0         0       
   0         0         0         0         0         0         0         0         0         0         0         0         0         0         0         0         0         0       
   0         0         0         0         0         0         0         0         0         0         0         0         0         0         0         0         0         0       
   0         0         0         0         0         0         0         0         0         0         0         0         0         0         0         0         0         0       
   0         0         0         0         0         0         0         0         0         0         0         0         0         0         0         0         0         0       
   0         0         0         0         0         0         0         0         0         0         0         0         0         0         0         0         0         0       
   0         0         0         0         0         0         0         0         0         0         0         0         0         0         0         0         0         0       
   0         0         0         0         0         0         0         0         0         0         0         0         0         0         0         0         0         0       

CONTACT
  0:
     dim           3
     geoms         floor : 6
     exclude       0
     efc_address   28
     solref         0.02      1       
     solimp         0.9       0.95      0.001     0.5       2       
     dist          -0.00038 
     includemargin  0       
     pos            0.29     -0.19     -0.00019 
     frame          0         0         1         0         1         0        -1         0         0       
     friction       1         1         0.005     0.0001    0.0001  
     mu             1       
  1:
     dim           3
     geoms         floor : 28
     exclude       0
     efc_address   32
     solref         0.02      1       
     solimp         0.9       0.95      0.001     0.5       2       
     dist          -0.00018 
     includemargin  0       
     pos           -0.44     -0.21     -9e-05   
     frame          0         0         1         0         1         0        -1         0         0       
     friction       1         1         0.005     0.0001    0.0001  
     mu             1       
  2:
     dim           3
     geoms         floor : 30
     exclude       0
     efc_address   36
     solref         0.02      1       
     solimp         0.9       0.95      0.001     0.5       2       
     dist          -0.00019 
     includemargin  0       
     pos           -0.054     0.0053   -9.3e-05 
     frame          0         0         1         0         1         0        -1         0         0       
     friction       1         1         0.005     0.0001    0.0001  
     mu             1       
  3:
     dim           3
     geoms         floor : 32
     exclude       0
     efc_address   40
     solref         0.02      1       
     solimp         0.9       0.95      0.001     0.5       2       
     dist          -0.00026 
     includemargin  0       
     pos           -0.037     0.044    -0.00013 
     frame          0         0         1         0         1         0        -1         0         0       
     friction       1         1         0.005     0.0001    0.0001  
     mu             1       
  4:
     dim           3
     geoms         16 : 32
     exclude       0
     efc_address   44
     solref         0.02      1       
     solimp         0.9       0.95      0.001     0.5       2       
     dist          -0.00035 
     includemargin  0       
     pos            0.16      0.078     0.066   
     frame         -0.65     -0.46      0.61     -0.33      0.89      0.31     -0.68     -5.6e-17  -0.73    
     friction       1         1         0.005     0.0001    0.0001  
     mu             1       

EFC_TYPE
  1
  1
  1
  1
  1
  1
  1
  1
  1
  1
  1
  1
  1
  1
  1
  1
  1
  1
  3
  3
  3
  3
  3
  3
  3
  3
  3
  3
  6
  6
  6
  6
  6
  6
  6
  6
  6
  6
  6
  6
  6
  6
  6
  6
  6
  6
  6
  6

EFC_ID
  0
  1
  2
  3
  4
  5
  6
  7
  8
  9
  10
  11
  12
  13
  14
  15
  16
  17
  1
  2
  3
  4
  6
  7
  9
  10
  11
  12
  0
  0
  0
  0
  1
  1
  1
  1
  2
  2
  2
  2
  3
  3
  3
  3
  4
  4
  4
  4

EFC_J
   1         0         0         0         0         0         0         0         0         0         0         0         0         0         0         0         0         0       
   0         1         0         0         0         0         0         0         0         0         0         0         0         0         0         0         0         0       
   0         0         1         0         0         0         0         0         0         0         0         0         0         0         0         0         0         0       
   0         0         0         1         0         0         0         0         0         0         0         0         0         0         0         0         0         0       
   0         0         0         0         1         0         0         0         0         0         0         0         0         0         0         0         0         0       
   0         0         0         0         0         1         0         0         0         0         0         0         0         0         0         0         0         0       
   0         0         0         0         0         0         1         0         0         0         0         0         0         0         0         0         0         0       
   0         0         0         0         0         0         0         1         0         0         0         0         0         0         0         0         0         0       
   0         0         0         0         0         0         0         0         1         0         0         0         0         0         0         0         0         0       
   0         0         0         0         0         0         0         0         0         1         0         0         0         0         0         0         0         0       
   0         0         0         0         0         0         0         0         0         0         1         0         0         0         0         0         0         0       
   0         0         0         0         0         0         0         0         0         0         0         1         0         0         0         0         0         0       
   0         0         0         0         0         0         0         0         0         0         0         0         1         0         0         0         0         0       
   0         0         0         0         0         0         0         0         0         0         0         0         0         1         0         0         0         0       
   0         0         0         0         0         0         0         0         0         0         0         0         0         0         1         0         0         0       
   0         0         0         0         0         0         0         0         0         0         0         0         0         0         0         1         0         0       
   0         0         0         0         0         0         0         0         0         0         0         0         0         0         0         0         1         0       
   0         0         0         0         0         0         0         0         0         0         0         0         0         0         0         0         0         1       
   0         0         0         0         0         0        -1         0         0         0         0         0         0         0         0         0         0         0       
   0         0         0         0         0         0         0        -1         0         0         0         0         0         0         0         0         0         0       
   0         0         0         0         0         0         0         0         1         0         0         0         0         0         0         0         0         0       
   0         0         0         0         0         0         0         0         0        -1         0         0         0         0         0         0         0         0       
   0         0         0         0         0         0         0         0         0         0         0         1         0         0         0         0         0         0       
   0         0         0         0         0         0         0         0         0         0         0         0         1         0         0         0         0         0       
   0         0         0         0         0         0         0         0         0         0         0         0         0         0        -1         0         0         0       
   0         0         0         0         0         0         0         0         0         0         0         0         0         0         0         1         0         0       
   0         0         0         0         0         0         0         0         0         0         0         0         0         0         0         0        -1         0       
   0         0         0         0         0         0         0         0         0         0         0         0         0         0         0         0         0         1       
   0         1         1         0.016    -0.18      0.17      0.064     0         0         0         0         0         0         0         0         0         0         0       
   0        -1         1        -0.13     -0.2      -0.18     -0.089     0         0         0         0         0         0         0         0         0         0         0       
  -1         0         1        -0.076    -0.11     -0.1      -0.03      0         0         0         0         0         0         0         0         0         0         0       
   1         0         1        -0.043    -0.27      0.091     0.0044    0         0         0         0         0         0         0         0         0         0         0       
   0         1         1        -0.16      0.56     -0.55      0         0         0         0         0         0        -0.11      0.51      0.21      0         0         0       
   0        -1         1        -0.32      0.49      0.57      0         0         0         0         0         0        -0.28     -0.067    -0.049     0         0         0       
  -1         0         1        -0.26      0.6      -0.11      0         0         0         0         0         0        -0.21      0.36      0.24      0         0         0       
   1         0         1        -0.23      0.44      0.13      0         0         0         0         0         0        -0.18      0.08     -0.083     0         0         0       
   0         1         1         0.13      0.21     -0.16      0         0         0         0         0         0         0         0         0         0.085     0         0       
   0        -1         1        -0.023     0.17      0.18      0         0         0         0         0         0         0         0         0        -0.069     0         0       
  -1         0         1         0.037     0.26      0.1       0         0         0         0         0         0         0         0         0        -0.0094    0         0       
   1         0         1         0.073     0.11     -0.091     0         0         0         0         0         0         0         0         0         0.026     0         0       
   0         1         1         0.17      0.2      -0.15      0         0         0         0         0         0         0         0         0         0.13     -0.008     0       
   0        -1         1         0.018     0.16      0.16      0         0         0         0         0         0         0         0         0        -0.027    -0.0025    0       
  -1         0         1         0.078     0.25      0.14      0         0         0         0         0         0         0         0         0         0.032     0.011     0       
   1         0         1         0.12      0.11     -0.13      0         0         0         0         0         0         0         0         0         0.068    -0.021     0       
   0         0         0         0         0         0         0         0         0        -0.12     -0.19      0         0         0         0         0.12     -0.24      0       
   0         0         0         0         0         0         0         0         0        -0.022    -0.22      0         0         0         0         0.022     0.16      0       
   0         0         0         0         0         0         0         0         0         0.026    -0.19      0         0         0         0        -0.026     0.021     0       
   0         0         0         0         0         0         0         0         0        -0.16     -0.22      0         0         0         0         0.16     -0.097     0       

EFC_POS
   0       
   0       
   0       
   0       
   0       
   0       
   0       
   0       
   0       
   0       
   0       
   0       
   0       
   0       
   0       
   0       
   0       
   0       
  -0.02    
  -0.021   
  -0.049   
  -0.0036  
  -0.029   
  -0.017   
  -0.0057  
  -0.018   
  -0.02    
  -0.01    
  -0.00038 
  -0.00038 
  -0.00038 
  -0.00038 
  -0.00018 
  -0.00018 
  -0.00018 
  -0.00018 
  -0.00019 
  -0.00019 
  -0.00019 
  -0.00019 
  -0.00026 
  -0.00026 
  -0.00026 
  -0.00026 
  -0.00035 
  -0.00035 
  -0.00035 
  -0.00035 

EFC_MARGIN
   0       
   0       
   0       
   0       
   0       
   0       
   0       
   0       
   0       
   0       
   0       
   0       
   0       
   0       
   0       
   0       
   0       
   0       
   0       
   0       
   0       
   0       
   0       
   0       
   0       
   0       
   0       
   0       
   0       
   0       
   0       
   0       
   0       
   0       
   0       
   0       
   0       
   0       
   0       
   0       
   0       
   0       
   0       
   0       
   0       
   0       
   0       
   0       

EFC_FRICTIONLOSS
   0.1     
   0.1     
   0.1     
   0.1     
   0.1     
   0.1     
   0.1     
   0.1     
   0.1     
   0.1     
   0.1     
   0.1     
   0.1     
   0.1     
   0.1     
   0.1     
   0.1     
   0.1     
   0       
   0       
   0       
   0       
   0       
   0       
   0       
   0       
   0       
   0       
   0       
   0       
   0       
   0       
   0       
   0       
   0       
   0       
   0       
   0       
   0       
   0       
   0       
   0       
   0       
   0       
   0       
   0       
   0       
   0       

EFC_DIAGAPPROX
   0.095   
   0.095   
   0.095   
   6.6     
   6.6     
   6.6     
   30      
   31      
   73      
   30      
   31      
   73      
   30      
   31      
   73      
   30      
   31      
   73      
   30      
   31      
   73      
   30      
   73      
   30      
   73      
   30      
   31      
   73      
   0.72    
   0.72    
   0.72    
   0.72    
   11      
   11      
   11      
   11      
   0.74    
   0.74    
   0.74    
   0.74    
   0.87    
   0.87    
   0.87    
   0.87    
   1.7     
   1.7     
   1.7     
   1.7     

EFC_KBIP
   0         1.1e+02   0.9       0       
   0         1.1e+02   0.9       0       
   0         1.1e+02   0.9       0       
   0         1.1e+02   0.9       0       
   0         1.1e+02   0.9       0       
   0         1.1e+02   0.9       0       
   0         1.1e+02   0.9       0       
   0         1.1e+02   0.9       0       
   0         1.1e+02   0.9       0       
   0         1.1e+02   0.9       0       
   0         1.1e+02   0.9       0       
   0         1.1e+02   0.9       0       
   0         1.1e+02   0.9       0       
   0         1.1e+02   0.9       0       
   0         1.1e+02   0.9       0       
   0         1.1e+02   0.9       0       
   0         1.1e+02   0.9       0       
   0         1.1e+02   0.9       0       
   2.8e+03   1.1e+02   0.95      0       
   2.8e+03   1.1e+02   0.95      0       
   2.8e+03   1.1e+02   0.95      0       
   2.8e+03   1.1e+02   0.95      0       
   2.8e+03   1.1e+02   0.95      0       
   2.8e+03   1.1e+02   0.95      0       
   2.8e+03   1.1e+02   0.95      0       
   2.8e+03   1.1e+02   0.95      0       
   2.8e+03   1.1e+02   0.95      0       
   2.8e+03   1.1e+02   0.95      0       
   2.8e+03   1.1e+02   0.91     -75      
   2.8e+03   1.1e+02   0.91     -75      
   2.8e+03   1.1e+02   0.91     -75      
   2.8e+03   1.1e+02   0.91     -75      
   2.8e+03   1.1e+02   0.9      -36      
   2.8e+03   1.1e+02   0.9      -36      
   2.8e+03   1.1e+02   0.9      -36      
   2.8e+03   1.1e+02   0.9      -36      
   2.8e+03   1.1e+02   0.9      -37      
   2.8e+03   1.1e+02   0.9      -37      
   2.8e+03   1.1e+02   0.9      -37      
   2.8e+03   1.1e+02   0.9      -37      
   2.8e+03   1.1e+02   0.91     -52      
   2.8e+03   1.1e+02   0.91     -52      
   2.8e+03   1.1e+02   0.91     -52      
   2.8e+03   1.1e+02   0.91     -52      
   2.8e+03   1.1e+02   0.91     -70      
   2.8e+03   1.1e+02   0.91     -70      
   2.8e+03   1.1e+02   0.91     -70      
   2.8e+03   1.1e+02   0.91     -70      

EFC_D
   95      
   95      
   95      
   1.4     
   1.4     
   1.4     
   0.3     
   0.29    
   0.12    
   0.3     
   0.29    
   0.12    
   0.3     
   0.29    
   0.12    
   0.3     
   0.29    
   0.12    
   0.64    
   0.62    
   0.26    
   0.64    
   0.26    
   0.64    
   0.26    
   0.64    
   0.62    
   0.26    
   15      
   15      
   15      
   15      
   0.87    
   0.87    
   0.87    
   0.87    
   13      
   13      
   13      
   13      
   11      
   11      
   11      
   11      
   6.1     
   6.1     
   6.1     
   6.1     

EFC_R
   0.011   
   0.011   
   0.011   
   0.73    
   0.73    
   0.73    
   3.3     
   3.4     
   8.1     
   3.3     
   3.4     
   8.1     
   3.3     
   3.4     
   8.1     
   3.3     
   3.4     
   8.1     
   1.6     
   1.6     
   3.8     
   1.6     
   3.8     
   1.6     
   3.8     
   1.6     
   1.6     
   3.8     
   0.067   
   0.067   
   0.067   
   0.067   
   1.1     
   1.1     
   1.1     
   1.1     
   0.079   
   0.079   
   0.079   
   0.079   
   0.09    
   0.09    
   0.09    
   0.09    
   0.16    
   0.16    
   0.16    
   0.16    

ACTUATOR_VELOCITY
  -3.8e-05 
  -8e-05   
   1.7e-05 
   0.00013 
   5.1e-05 
   4.6e-06 
  -3.1e-07 
   0.0028  
   0.00043 
  -3e-05   
   5.6e-07 
   3.9e-05 

CVEL
   0         0         0         0         0         0       
   0.0012   -0.00076   0.00018  -3.3e-05  -8.6e-05  -7.1e-06 
   0.0012   -0.00076   0.00018  -3.3e-05  -8.6e-05  -7.1e-06 
   0.0012   -0.00076   0.00018  -3.3e-05  -8.6e-05  -7.1e-06 
   0.0012   -0.00076   0.00018  -3.3e-05  -8.6e-05  -6.2e-06 
   0.0012   -0.00076   0.00018  -3.3e-05  -8.6e-05  -6.2e-06 
   0.0012   -0.00076   0.00018  -3.3e-05  -8.6e-05  -6.3e-06 
   0.0012   -0.00076   0.00018  -3.3e-05  -8.6e-05  -6.1e-06 
   0.0012   -0.00076   0.00018  -3.3e-05  -8.6e-05  -6.1e-06 
   0.0011   -0.00075   0.00018  -3.3e-05  -8.6e-05  -5.4e-06 
   0.0011   -0.00075   0.00018  -3.3e-05  -8.6e-05  -5.4e-06 
   0.0011   -0.00071   0.00022  -3.3e-05  -9.3e-05   1.5e-06 
   0.0012   -0.00042   0.00051   2.7e-05  -0.00011   3.6e-06 
   0.0012   -0.00042   0.00051   2.7e-05  -0.00011   3.6e-06 
   0.0013   -0.00079   0.00018  -3.3e-05  -8.6e-05  -8.4e-07 
   0.0013   -0.00079   0.00018  -3.3e-05  -8.6e-05  -8.4e-07 
   0.0017    0.001    -0.0019   -2.6e-05  -0.0005   -0.00035 
   0.0017    0.0011   -0.002    -2.7e-05  -0.00051  -0.00036 
   0.0017    0.0011   -0.002    -2.7e-05  -0.00051  -0.00036 
   0.0011   -0.00074   0.00018  -3.3e-05  -8.6e-05  -3.5e-06 
   0.0011   -0.00074   0.00018  -3.3e-05  -8.6e-05  -3.5e-06 
   0.0011   -0.00074   0.00018  -3.4e-05  -8.7e-05  -4.1e-06 
   0.0011   -0.00076   0.0002   -3e-05    -8.8e-05  -4.1e-06 
   0.0011   -0.00076   0.0002   -3e-05    -8.8e-05  -4.1e-06 

CDOF_DOT
   0         0         0         0         0         0       
   0         0         0         0         0         0       
   0         0         0         0         0         0       
   0         0        -0        -1.4e-06  -1e-05     9.2e-05 
  -0         0         0         1.2e-05  -3.2e-06  -1.3e-05 
   0         0         0        -8.6e-05   3.3e-05   5e-07   
   4.7e-05   0.00019   0.00048  -3.8e-05  -6.4e-05   9.4e-05 
  -0.00067  -0.00081   0.00093  -0.00014  -0.00015  -0.0002  
  -0.00067  -0.00081   0.00093  -0.00022  -0.00033  -0.00043 
   4.7e-05   0.00019   0.00048   3.3e-05   4.5e-05   9e-05   
  -0.00065  -0.00076   0.00091  -0.00013  -0.00013  -0.00016 
  -0.00065  -0.00076   0.00091  -6.2e-05   4.9e-05   5e-05   
   4.7e-05   0.00019   0.00048  -3.8e-05  -6.4e-05   9.4e-05 
   0.00048   0.001     0.00094   0.00019   0.00014  -0.0002  
   0.00048   0.001     0.00094  -0.00027   0.00042  -0.00044 
   4.7e-05   0.00019   0.00048   3.3e-05   4.5e-05   9e-05   
   0.00044   0.00085   0.00081   0.00018   9.8e-05  -0.0002  
   0.00044   0.00085   0.00081   6.3e-05  -5e-05    -7.6e-05 

QFRC_BIAS
   4.3e-07 
  -4.3e-07 
   1.1e+02 
   0.25    
  -0.0077  
   0.0022  
  -0.7     
  -0.25    
   0.22    
   0.73    
   0.24    
  -0.22    
  -0.68    
   0.61    
   0.11    
   0.69    
  -0.24    
   0.21    

QFRC_SPRING
   0       
   0       
   0       
   0       
   0       
   0       
   0       
   0       
   0       
   0       
   0       
   0       
   0       
   0       
   0       
   0       
   0       
   0       

QFRC_DAMPER
   3.3e-08 
   8.7e-08 
   1e-08   
  -1.3e-06 
   4.9e-07 
  -1.8e-07 
  -1.7e-08 
   3.1e-10 
  -5.6e-10 
   3.8e-08 
  -5.1e-08 
  -4.3e-07 
  -1.3e-07 
  -2.8e-06 
  -3.9e-08 
   8e-08   
  -4.6e-09 
   3e-08   

QFRC_GRAVCOMP
   0       
   0       
   0       
   0       
   0       
   0       
   0       
   0       
   0       
   0       
   0       
   0       
   0       
   0       
   0       
   0       
   0       
   0       

QFRC_FLUID
   0       
   0       
   0       
   0       
   0       
   0       
   0       
   0       
   0       
   0       
   0       
   0       
   0       
   0       
   0       
   0       
   0       
   0       

QFRC_PASSIVE
   3.3e-08 
   8.7e-08 
   1e-08   
  -1.3e-06 
   4.9e-07 
  -1.8e-07 
  -1.7e-08 
   3.1e-10 
  -5.6e-10 
   3.8e-08 
  -5.1e-08 
  -4.3e-07 
  -1.3e-07 
  -2.8e-06 
  -3.9e-08 
   8e-08   
  -4.6e-09 
   3e-08   

EFC_VEL
  -3.3e-05 
  -8.7e-05 
  -1e-05   
   0.0013  
  -0.00049 
   0.00018 
   1.7e-05 
  -3.1e-07 
   5.6e-07 
  -3.8e-05 
   5.1e-05 
   0.00043 
   0.00013 
   0.0028  
   3.9e-05 
  -8e-05   
   4.6e-06 
  -3e-05   
  -1.7e-05 
   3.1e-07 
   5.6e-07 
   3.8e-05 
   0.00043 
   0.00013 
  -3.9e-05 
  -8e-05   
  -4.6e-06 
  -3e-05   
   3.9e-05 
  -3.5e-05 
  -4.3e-05 
   4.7e-05 
   0.00076 
  -0.00071 
   0.00038 
  -0.00033 
  -6.1e-05 
   2.6e-06 
  -3.7e-05 
  -2.1e-05 
  -3.8e-06 
   5.4e-05 
   2.4e-05 
   2.6e-05 
  -1.6e-05 
  -1.1e-05 
  -8.7e-06 
  -1.9e-05 

EFC_AREF
   0.0035  
   0.0091  
   0.0011  
  -0.14    
   0.051   
  -0.019   
  -0.0018  
   3.3e-05 
  -5.9e-05 
   0.004   
  -0.0054  
  -0.045   
  -0.013   
  -0.3     
  -0.0041  
   0.0085  
  -0.00049 
   0.0032  
   52      
   54      
   1.3e+02 
   9.5     
   77      
   44      
   15      
   48      
   53      
   27      
   0.95    
   0.95    
   0.96    
   0.95    
   0.37    
   0.53    
   0.41    
   0.49    
   0.47    
   0.46    
   0.47    
   0.47    
   0.66    
   0.65    
   0.65    
   0.65    
   0.89    
   0.89    
   0.89    
   0.89    

SUBTREE_LINVEL
   0         0         0       
   0         0         0       
   0         0         0       
   0         0         0       
   0         0         0       
   0         0         0       
   0         0         0       
   0         0         0       
   0         0         0       
   0         0         0       
   0         0         0       
   0         0         0       
   0         0         0       
   0         0         0       
   0         0         0       
   0         0         0       
   0         0         0       
   0         0         0       
   0         0         0       
   0         0         0       
   0         0         0       
   0         0         0       
   0         0         0       
   0         0         0       

SUBTREE_ANGMOM
   0         0         0       
   0         0         0       
   0         0         0       
   0         0         0       
   0         0         0       
   0         0         0       
   0         0         0       
   0         0         0       
   0         0         0       
   0         0         0       
   0         0         0       
   0         0         0       
   0         0         0       
   0         0         0       
   0         0         0       
   0         0         0       
   0         0         0       
   0         0         0       
   0         0         0       
   0         0         0       
   0         0         0       
   0         0         0       
   0         0         0       
   0         0         0       

ACTUATOR_FORCE
   8.3     
  -77      
   47      
  -29      
   4.7     
   54      
   35      
   0.39    
  -20      
  -6.8     
  -78      
   3.9     

QFRC_ACTUATOR
   0       
   0       
   0       
   0       
   0       
   0       
   34      
   34      
  -34      
   8.3     
   4.7     
  -20      
  -29      
   0.39    
   3.9     
  -34      
   34      
  -6.8     

QFRC_SMOOTH
  -4e-07   
   5.2e-07 
  -1.1e+02 
  -0.25    
   0.0077  
  -0.0022  
   34      
   34      
  -34      
   7.6     
   4.4     
  -20      
  -28      
  -0.21    
   3.8     
  -34      
   34      
  -7       

QACC_SMOOTH
  -8.4     
  -1.6     
   10      
   89      
  -1.7e+02 
  -1.1e+02 
   1.5e+03 
   1.8e+03 
  -1.9e+03 
   1.2     
   3.2e+02 
  -9.9e+02 
  -1.5e+03 
  -2.9e+02 
   2.9e+02 
  -1.6e+03 
   1.4e+03 
  -3.4e+02 

EFC_B
  -8.4     
  -1.6     
   10      
   89      
  -1.7e+02 
  -1.1e+02 
   1.5e+03 
   1.8e+03 
  -1.9e+03 
   1.2     
   3.2e+02 
  -9.9e+02 
  -1.5e+03 
  -2.9e+02 
   2.9e+02 
  -1.6e+03 
   1.4e+03 
  -3.4e+02 
  -1.6e+03 
  -1.8e+03 
  -2e+03   
  -11      
  -1.1e+03 
  -1.6e+03 
  -3.1e+02 
  -1.6e+03 
  -1.5e+03 
  -3.7e+02 
   1.2e+02 
  -83      
  -5.1     
   40      
   37      
   2.6e+02 
   1.9e+02 
   1.1e+02 
  -1.3e+02 
   72      
  -20      
  -43      
  -2.1e+02 
   8.6     
  -69      
  -1.3e+02 
  -5.9e+02 
   1.2e+02 
   8       
  -4.7e+02 

EFC_FORCE
   0.1     
   0.1     
   0.099   
  -0.1     
   0.069   
  -0.025   
  -0.00054 
   9.6e-06 
  -6.7e-06 
   0.0013  
  -0.0018  
  -0.006   
  -0.0043  
  -0.086   
  -0.00044 
   0.0025  
  -0.00013 
   0.00043 
   33      
   34      
   34      
   6.1     
   20      
   28      
   3.9     
   31      
   33      
   7       
   14      
   14      
   14      
   14      
   0.33    
   0.46    
   0.36    
   0.42    
   6       
   5.9     
   5.9     
   5.9     
   7.3     
   7.3     
   7.3     
   7.3     
   5.4     
   5.4     
   5.4     
   5.4     

EFC_STATE
  2
  2
  1
  3
  1
  1
  1
  1
  1
  1
  1
  1
  1
  1
  1
  1
  1
  1
  1
  1
  1
  1
  1
  1
  1
  1
  1
  1
  1
  1
  1
  1
  1
  1
  1
  1
  1
  1
  1
  1
  1
  1
  1
  1
  1
  1
  1
  1

QFRC_CONSTRAINT
   0.001   
   0.0017  
   1.1e+02 
   0.25    
  -0.0075  
   0.0023  
  -34      
  -34      
   34      
  -7.6     
  -4.4     
   20      
   28      
   0.21    
  -3.8     
   34      
  -34      
   7       

QFRC_INVERSE
   0       
   0       
   0       
   0       
   0       
   0       
   0       
   0       
   0       
   0       
   0       
   0       
   0       
   0       
   0       
   0       
   0       
   0       

CACC
   0         0         0         0         0         0       
   0         0         0         0         0         0       
   0         0         0         0         0         0       
   0         0         0         0         0         0       
   0         0         0         0         0         0       
   0         0         0         0         0         0       
   0         0         0         0         0         0       
   0         0         0         0         0         0       
   0         0         0         0         0         0       
   0         0         0         0         0         0       
   0         0         0         0         0         0       
   0         0         0         0         0         0       
   0         0         0         0         0         0       
   0         0         0         0         0         0       
   0         0         0         0         0         0       
   0         0         0         0         0         0       
   0         0         0         0         0         0       
   0         0         0         0         0         0       
   0         0         0         0         0         0       
   0         0         0         0         0         0       
   0         0         0         0         0         0       
   0         0         0         0         0         0       
   0         0         0         0         0         0       
   0         0         0         0         0         0       

CFRC_INT
   0         0         0         0         0         0       
   0         0         0         0         0         0       
   0         0         0         0         0         0       
   0         0         0         0         0         0       
   0         0         0         0         0         0       
   0         0         0         0         0         0       
   0         0         0         0         0         0       
   0         0         0         0         0         0       
   0         0         0         0         0         0       
   0         0         0         0         0         0       
   0         0         0         0         0         0       
   0         0         0         0         0         0       
   0         0         0         0         0         0       
   0         0         0         0         0         0       
   0         0         0         0         0         0       
   0         0         0         0         0         0       
   0         0         0         0         0         0       
   0         0         0         0         0         0       
   0         0         0         0         0         0       
   0         0         0         0         0         0       
   0         0         0         0         0         0       
   0         0         0         0         0         0       
   0         0         0         0         0         0       
   0         0         0         0         0         0       

CFRC_EXT
   0         0         0         0         0         0       
   0         0         0         0         0         0       
   0         0         0         0         0         0       
   0         0         0         0         0         0       
   0         0         0         0         0         0       
   0         0         0         0         0         0       
   0         0         0         0         0         0       
   0         0         0         0         0         0       
   0         0         0         0         0         0       
   0         0         0         0         0         0       
   0         0         0         0         0         0       
   0         0         0         0         0         0       
   0         0         0         0         0         0       
   0         0         0         0         0         0       
   0         0         0         0         0         0       
   0         0         0         0         0         0       
   0         0         0         0         0         0       
   0         0         0         0         0         0       
   0         0         0         0         0         0       
   0         0         0         0         0         0       
   0         0         0         0         0         0       
   0         0         0         0         0         0       
   0         0         0         0         0         0       
   0         0         0         0         0         0       

